[gd_scene load_steps=7 format=3 uid="uid://b2qv6wtnbfwv2"]

[ext_resource type="Script" uid="uid://cm5tsyihtd36p" path="res://scripts/camera_controller.gd" id="1_qleev"]
[ext_resource type="Script" uid="uid://qsno6d2p6op7" path="res://scripts/cam_zone.gd" id="2_ryno3"]

[sub_resource type="ProceduralSkyMaterial" id="ProceduralSkyMaterial_o7nab"]
sky_horizon_color = Color(0.66224277, 0.6717428, 0.6867428, 1)
ground_horizon_color = Color(0.66224277, 0.6717428, 0.6867428, 1)

[sub_resource type="Sky" id="Sky_qleev"]
sky_material = SubResource("ProceduralSkyMaterial_o7nab")

[sub_resource type="Environment" id="Environment_ryno3"]
background_mode = 2
sky = SubResource("Sky_qleev")
tonemap_mode = 2
glow_enabled = true

[sub_resource type="BoxShape3D" id="BoxShape3D_ryno3"]
size = Vector3(4.1, 4, 0.3)

[node name="SampleRoom" type="Node3D"]

[node name="WorldEnvironment" type="WorldEnvironment" parent="."]
environment = SubResource("Environment_ryno3")

[node name="DirectionalLight3D" type="DirectionalLight3D" parent="."]
transform = Transform3D(-0.8660254, -0.43301278, 0.25, 0, 0.49999997, 0.86602545, -0.50000006, 0.75, -0.43301266, 0, 0, 0)
shadow_enabled = true

[node name="CameraController" type="Node" parent="."]
script = ExtResource("1_qleev")

[node name="CamZone" type="Area3D" parent="CameraController"]
transform = Transform3D(0.043619454, 2.9802322e-08, -0.99904823, 0, 1, 5.9604645e-08, 0.99904823, -1.4901161e-08, 0.043619335, 1.3988628, 1.7999964, -0.05234003)
script = ExtResource("2_ryno3")

[node name="CollisionShape3D" type="CollisionShape3D" parent="CameraController/CamZone"]
transform = Transform3D(1, 0, 0, 0, 1, -4.2674198e-16, 0, 0, 1, -0.032552637, 0.5, 0.55038065)
shape = SubResource("BoxShape3D_ryno3")

[node name="CSGBox3D" type="CSGBox3D" parent="."]
transform = Transform3D(1, 0, 0, 0, 1, 0, 0, 0, 1, 0, 5.6, 0)
use_collision = true
size = Vector3(1.9, 10.6, 10.1)

[node name="CSGCylinder3D" type="CSGCylinder3D" parent="CSGBox3D"]
transform = Transform3D(-4.371139e-08, 1, 0, -1, -4.371139e-08, 0, 0, 0, 1, 0, 1.4, 0)
operation = 2
radius = 1.3000001
height = 5.4

[node name="CSGBox3D" type="CSGBox3D" parent="CSGBox3D"]
transform = Transform3D(1, 0, 0, 0, 1, 0, 0, 0, 1, 0, -3.35, 0)
operation = 2
size = Vector3(3.6000001, 3.7, 2.4)

[node name="CSGBox3D2" type="CSGBox3D" parent="."]
size = Vector3(51.3, 1, 10.1)

[node name="Camera3D" type="Camera3D" parent="."]
transform = Transform3D(0.38268346, 0.46193975, -0.8001031, 0, 0.8660254, 0.5, 0.92387956, -0.19134173, 0.33141357, -17.800001, 8.4, 4.5)
current = true

[node name="Camera3D2" type="Camera3D" parent="."]
transform = Transform3D(-2.8734846e-08, 0.7660445, -0.6427875, 3.4244856e-08, 0.6427875, 0.7660445, 1, 3.5527135e-15, -4.4703484e-08, 0.90000004, 8, 0)

[connection signal="area_entered" from="CameraController/CamZone" to="CameraController" method="_on_cam_zone_area_entered"]
